,SiO2,SiO2,SiO2,SiO2,SiO2,SiO2,SiO2,SiO2,SiO2,SiO2,TiO,Ti3O5,Ti2O3,Ti2O,Ti3O,TiO2,Ti2O3,Ti6O,Ti3O5,Ti3O5,Zr3O,Zr2O,ZrO2,Zr3O,ZrO2,ZrO2,ZrO2,ZrO2,Zr3O,ZrO2
SiO2,0.0,0.5454682043850424,0.703410733188423,0.6377938527305334,0.5264363094248249,0.42103406735121085,0.2299126321453181,0.45918071651930387,0.22958626992635953,0.5322352545218704,0.7552880698174491,0.6885372396502748,0.8424335753593302,0.6570696300959702,0.6745015704019329,0.7153892272905521,0.7545303488360182,1.1613291603751301,0.6568504403709284,0.6380534379646077,1.0801104547484877,1.3286873722686816,0.6437799613399781,1.072292658794715,0.8622833147105001,0.7473241647489806,0.6212407060098151,0.631880939236746,1.0649752612812942,0.7846901732642093
SiO2,0.5454682043850424,0.0,0.4175010881309778,0.256128491644641,0.2194056696149988,0.3039817195049034,0.6076481432040084,0.30633608080406954,0.609883403799121,0.2122872931418487,1.0200673437260621,0.8684232314104985,1.103534826843905,0.8866260486860238,0.850648364349723,0.8077447832883256,1.0065728627992272,1.1684812740292394,0.896547078544873,0.745053483579545,0.8603479398154594,1.0608030923400564,0.7831283682095987,0.8502290673720835,1.0147308799150518,0.9115215629685057,0.7419646440982488,0.7915726912408104,0.8425488180525076,0.9806397837691052
SiO2,0.703410733188423,0.4175010881309778,0.0,0.3269145802567496,0.3871932318434638,0.5056494081073561,0.7147058031200395,0.4179552585339409,0.7158276164980392,0.40166689875351375,1.0786899418864593,0.9588371702382662,1.1473365954825763,0.8707452671083085,0.8576049060493389,0.8393650949075114,1.0578557879650528,1.1728741426351268,0.9512816435401228,0.8331545383471756,0.9025773984567454,1.0359949873776095,0.8775783856918635,0.9116567597407887,1.0264201944313782,0.9320729440321046,0.8499993662769905,0.9046243394346818,0.9018498017404102,1.0381418009794192
SiO2,0.6377938527305334,0.256128491644641,0.3269145802567496,0.0,0.28151624485747856,0.4458548888324704,0.6593695315333957,0.3798912301339834,0.6605179081839645,0.27449595835317775,1.0773580952423047,0.920489452502541,1.1413410103072297,0.8880233678372352,0.8830387227691976,0.8479873570950489,1.0518270891703534,1.1733059270389339,0.921765939920059,0.776343296093949,0.8531094165181641,0.9993720244872156,0.8391146255513187,0.8607729756772846,1.0477739805570032,0.9600693439483591,0.7905042182390742,0.8323916522937123,0.8499466612906322,1.0308371498784403
SiO2,0.5264363094248249,0.2194056696149988,0.38719323184346377,0.2815162448574785,0.0,0.2914130742656483,0.5953808967522384,0.30045977287104564,0.5972553539542323,0.20613093177292868,1.018859278757042,0.8337638381284076,1.0712204387073962,0.8509842074598692,0.8446055887386883,0.8001864394523547,0.9912071669565508,1.1702685896047844,0.8665604197333736,0.7146483477027874,0.9047155429641656,1.059965661077861,0.7739654796063017,0.9050674386149772,1.030232689332538,0.9214137563602415,0.7324166097617898,0.7863058059224336,0.895902991740025,0.9710320803120237
SiO2,0.4210340673512109,0.30398171950490344,0.5056494081073561,0.4458548888324704,0.29141307426564833,0.0,0.454399472503228,0.2655706180982738,0.4550283533525595,0.3025779907312638,0.9316654128331004,0.7922367245431559,1.0073444020723161,0.8044043698189116,0.7803312874740505,0.7521404846173738,0.9406264905977781,1.1672888444732668,0.8137919943600204,0.6838106228140968,0.9481930852117099,1.1465800157738912,0.7327423372577171,0.9415940479172198,1.0137426556710898,0.9022041438614029,0.7010405284494523,0.7341640155327207,0.9389839366597676,0.9218066928012921
SiO2,0.2299126321453181,0.6076481432040084,0.7147058031200393,0.6593695315333957,0.5953808967522385,0.454399472503228,0.0,0.4736277408192781,0.0078413543660309,0.5755112019627506,0.8099477586322765,0.7057007361297456,0.8594963102894457,0.6883351797833148,0.6883858937095777,0.7197238672472056,0.7376104493914029,1.16756437055879,0.676115867961566,0.6874398386315063,1.167964004572366,1.3008292136583746,0.6622586178218582,1.1640087599828588,0.8602407780642588,0.7522548191441184,0.6621573000450937,0.672991827714526,1.1574126077996332,0.8193747351395859
SiO2,0.4591807165193039,0.3063360808040695,0.41795525853394094,0.3798912301339834,0.30045977287104564,0.2655706180982738,0.4736277408192781,0.0,0.4762701685706316,0.28863189623373886,0.9483711663730063,0.8412547244396451,1.0454315606365956,0.8250440017495599,0.8432848360730082,0.7971730386949363,0.9452218223617939,1.172976886198832,0.8413286959192317,0.7043240423134144,0.9819229012511512,1.0797116525362167,0.7921139487455271,0.9892859012064135,1.0006599666600668,0.9092642375740241,0.7249762660835706,0.8025788686408779,0.9784596583176585,0.9941961967247046
SiO2,0.2295862699263595,0.609883403799121,0.715827616498039,0.6605179081839645,0.5972553539542323,0.4550283533525594,0.007841354366030898,0.4762701685706316,0.0,0.5772963332329792,0.8056380291935055,0.7056136873424722,0.8578403116503848,0.6849633798170327,0.688986099086288,0.719675482803245,0.737703045952153,1.167529894369965,0.6758118384692431,0.6863179356058311,1.1684369311860945,1.2958914703744184,0.6596230100704366,1.1645072352392223,0.8553556514464433,0.7473696858596364,0.6595216967381163,0.6695962199707043,1.1579951603359342,0.8136801451965319
SiO2,0.5322352545218703,0.2122872931418487,0.4016668987535138,0.27449595835317775,0.20613093177292868,0.3025779907312638,0.5755112019627506,0.28863189623373886,0.5772963332329794,0.0,1.0039840406448362,0.8408295188371367,1.0748193052567654,0.8638859789677957,0.8361526714351704,0.7986865867447048,0.9740661779869431,1.1717102190366238,0.8648785407750791,0.7182831116010424,0.8912734300053953,1.067414095821414,0.781271110561282,0.890756768881708,1.0140480671709664,0.8941265498722237,0.7314019927135705,0.7873855533417012,0.8808831298943975,0.9630259906457455
TiO,0.7552880698174492,1.0200673437260621,1.0786899418864593,1.0773580952423045,1.018859278757042,0.9316654128331003,0.8099477586322764,0.9483711663730063,0.8056380291935055,1.0039840406448362,0.0,0.5531377494627808,0.6116052267316052,0.7589379156189695,0.9865375183395599,0.6965128702169214,0.6775817778483114,1.160903859977954,0.5496431886773593,0.5854767859099231,1.6414488736853403,1.8028682153620743,0.6187725650106656,1.610522833950971,0.725580202684396,0.5946227687474381,0.5706539789935575,0.6055647483861691,1.620360327075971,0.5115674505409774
Ti3O5,0.6885372396502748,0.8684232314104985,0.9588371702382663,0.920489452502541,0.8337638381284076,0.7922367245431559,0.7057007361297455,0.8412547244396451,0.7056136873424722,0.8408295188371367,0.5531377494627808,0.0,0.5702190920000001,0.6587294391868959,0.7900979699999999,0.644350884324272,0.5394840967500001,0.9516128939137937,0.344225534375,0.4721993025,1.4007217837500001,1.6356774369420144,0.45592185896244686,1.36732419875,0.6730228399025429,0.5530381834541324,0.51552073788632,0.4387211853452718,1.3724933362499998,0.4490974547893968
Ti2O3,0.8424335753593302,1.1035348268439051,1.1473365954825765,1.1413410103072297,1.0712204387073962,1.0073444020723161,0.8594963102894456,1.0454315606365956,0.8578403116503847,1.0748193052567656,0.6116052267316052,0.570219092,0.0,0.8301545796965486,1.012794110375,0.8598684655247523,0.591646922,1.283129696088593,0.60835583475,0.7424837065,1.696126472,1.8906828943413123,0.6401572885134509,1.64731682,0.9260463213885762,0.7945785750508533,0.7090720253789082,0.6561398471617721,1.653366445625,0.5146269587809303
Ti2O,0.6570696300959702,0.8866260486860239,0.8707452671083085,0.8880233678372352,0.8509842074598692,0.8044043698189116,0.6883351797833148,0.8250440017495599,0.6849633798170327,0.8638859789677955,0.7589379156189695,0.6587294391868959,0.8301545796965485,0.0,0.6919450959847167,0.6951917030480829,0.7905062443193537,0.9544979518835934,0.6866979466875802,0.5620485484997695,1.277463615,1.422136675778633,0.5605354677279786,1.28183115,0.6801242098654245,0.6021578106450884,0.577998627553347,0.5520342778129905,1.27708505375,0.5939967740600322
Ti3O,0.6745015704019327,0.850648364349723,0.8576049060493389,0.8830387227691976,0.8446055887386883,0.7803312874740503,0.6883858937095777,0.8432848360730083,0.688986099086288,0.8361526714351704,0.9865375183395599,0.7900979699999999,1.0127941103749998,0.6919450959847167,0.0,0.8143718959847166,0.9171066215,0.7199684413534085,0.8142179900000001,0.715370795,0.821528010625,1.265938625482277,0.7248129911788967,0.78447077625,0.919996141682758,0.735130736370994,0.6552248358040401,0.726331393865445,0.80878313625,0.8822948848198118
TiO2,0.7153892272905521,0.8077447832883256,0.8393650949075114,0.8479873570950489,0.8001864394523548,0.7521404846173738,0.7197238672472057,0.7971730386949363,0.719675482803245,0.7986865867447047,0.6965128702169214,0.644350884324272,0.8598684655247523,0.6951917030480829,0.8143718959847168,0.0,0.6675364987310654,0.9311901094076436,0.6447446870125617,0.5068561146856314,1.4231069729236492,1.6289815470435176,0.5490835478424978,1.3888416696615327,0.6452896835471031,0.5278201380551318,0.48139676518603225,0.5421280045787199,1.4031816874818426,0.625007217083261
Ti2O3,0.7545303488360182,1.0065728627992272,1.057855787965053,1.0518270891703534,0.9912071669565506,0.9406264905977781,0.7376104493914029,0.9452218223617939,0.737703045952153,0.9740661779869431,0.6775817778483113,0.53948409675,0.591646922,0.7905062443193537,0.9171066215,0.6675364987310654,0.0,1.191094285563925,0.43205001075,0.6011136429999999,1.5453858345,1.7559700535361287,0.5214098907049991,1.4937525269999998,0.6765397419999987,0.5862565523317939,0.5992469563257907,0.5043452016899876,1.493434986,0.5109143124347334
Ti6O,1.1613291603751301,1.1684812740292394,1.1728741426351268,1.1733059270389339,1.1702685896047844,1.1672888444732668,1.16756437055879,1.172976886198832,1.167529894369965,1.1717102190366238,1.160903859977954,0.9516128939137936,1.283129696088593,0.9544979518835934,0.7199684413534085,0.9311901094076436,1.191094285563925,0.0,1.071746836584178,0.8741664818333243,0.7015621058049506,1.044316346951723,0.9897283220222851,0.6947926479129778,1.168830937460255,1.0056419861340578,0.82731371066746,0.9851483877650618,0.6999020800661856,1.1105162517687566
Ti3O5,0.6568504403709284,0.896547078544873,0.9512816435401228,0.9217659399200591,0.8665604197333735,0.8137919943600204,0.676115867961566,0.8413286959192317,0.6758118384692431,0.8648785407750792,0.5496431886773592,0.34422553437500003,0.6083558347500001,0.6866979466875803,0.81421799,0.6447446870125617,0.43205001075,1.071746836584178,0.0,0.46760358562499993,1.464817759375,1.658345870474896,0.46482456966087143,1.44561379,0.675634060627295,0.5515378647227406,0.5695224271567325,0.4752666019529791,1.443537455625,0.4650789205154924
Ti3O5,0.6380534379646077,0.745053483579545,0.8331545383471757,0.7763432960939489,0.7146483477027874,0.6838106228140968,0.6874398386315063,0.7043240423134143,0.6863179356058311,0.7182831116010424,0.5854767859099231,0.47219930250000003,0.7424837064999998,0.5620485484997695,0.7153707949999999,0.5068561146856314,0.6011136429999999,0.8741664818333243,0.467603585625,0.0,1.2621466499999998,1.564695055777721,0.464358517048938,1.2271072900000002,0.674047641025268,0.5639484856942973,0.4233789685889307,0.4660525987684769,1.2299380100000001,0.5187716695128551
Zr3O,1.0801104547484879,0.8603479398154597,0.9025773984567454,0.853109416518164,0.9047155429641656,0.9481930852117098,1.167964004572366,0.9819229012511512,1.1684369311860943,0.8912734300053952,1.6414488736853403,1.4007217837500001,1.696126472,1.277463615,0.821528010625,1.4231069729236492,1.5453858345000002,0.7015621058049506,1.464817759375,1.26214665,0.0,0.8731599837142291,1.3882007154060054,0.172891465,1.5113195738701908,1.3973040219557114,1.2171736723454787,1.3701708697579393,0.17341101875,1.5049941838561625
Zr2O,1.3286873722686816,1.0608030923400564,1.0359949873776095,0.9993720244872156,1.059965661077861,1.1465800157738912,1.3008292136583746,1.0797116525362167,1.2958914703744184,1.0674140958214138,1.802868215362074,1.6356774369420144,1.8906828943413123,1.422136675778633,1.2659386254822769,1.6289815470435176,1.7559700535361287,1.044316346951723,1.658345870474896,1.5646950557777213,0.8731599837142291,0.0,1.5738110009285564,0.8953661758021565,1.7544918624550812,1.6073750639262492,1.4930079684032536,1.5868661174646719,0.8869767554052164,1.663592176697411
ZrO2,0.6437799613399782,0.7831283682095986,0.8775783856918636,0.8391146255513184,0.7739654796063017,0.7327423372577171,0.6622586178218582,0.7921139487455271,0.6596230100704366,0.7812711105612818,0.6187725650106656,0.45592185896244686,0.6401572885134509,0.5605354677279786,0.7248129911788967,0.5490835478424978,0.521409890704999,0.9897283220222851,0.4648245696608714,0.46435851704893805,1.3882007154060054,1.5738110009285564,0.0,1.3227249457453347,0.7808281555250517,0.6254036337459636,0.3042910069570899,0.1568558017647753,1.3253861961562516,0.48573518514264813
Zr3O,1.0722926587947152,0.8502290673720836,0.9116567597407887,0.8607729756772846,0.9050674386149772,0.9415940479172198,1.1640087599828588,0.9892859012064135,1.1645072352392223,0.890756768881708,1.610522833950971,1.36732419875,1.64731682,1.28183115,0.7844707762500001,1.3888416696615327,1.4937525269999998,0.6947926479129778,1.44561379,1.2271072900000002,0.172891465,0.8953661758021565,1.3227249457453347,0.0,1.4944710662562075,1.388771664473475,1.1810697863728246,1.3040737841341692,0.1555444275,1.4969522806190088
ZrO2,0.8622833147105001,1.0147308799150518,1.0264201944313782,1.0477739805570032,1.0302326893325382,1.0137426556710898,0.8602407780642588,1.0006599666600668,0.8553556514464433,1.0140480671709662,0.725580202684396,0.6730228399025429,0.9260463213885762,0.6801242098654245,0.9199961416827579,0.6452896835471031,0.6765397419999987,1.168830937460255,0.675634060627295,0.674047641025268,1.5113195738701908,1.7544918624550812,0.7808281555250517,1.4944710662562075,0.0,0.4154974125116925,0.777309182226908,0.8013412119865877,1.4979120094764975,0.8882747444505856
ZrO2,0.7473241647489806,0.9115215629685056,0.9320729440321045,0.9600693439483592,0.9214137563602416,0.9022041438614028,0.7522548191441184,0.9092642375740241,0.7473696858596364,0.8941265498722236,0.5946227687474381,0.5530381834541325,0.7945785750508533,0.6021578106450884,0.735130736370994,0.5278201380551318,0.5862565523317939,1.0056419861340578,0.5515378647227405,0.5639484856942973,1.3973040219557114,1.6073750639262492,0.6254036337459636,1.388771664473475,0.4154974125116925,0.0,0.6004866706618,0.5873363174599701,1.3779909157362422,0.7278042593886239
ZrO2,0.6212407060098151,0.7419646440982488,0.8499993662769904,0.7905042182390742,0.7324166097617899,0.7010405284494522,0.6621573000450937,0.7249762660835706,0.6595216967381163,0.7314019927135704,0.5706539789935575,0.51552073788632,0.7090720253789083,0.577998627553347,0.65522483580404,0.48139676518603225,0.5992469563257907,0.82731371066746,0.5695224271567325,0.42337896858893076,1.2171736723454787,1.4930079684032536,0.3042910069570899,1.1810697863728246,0.777309182226908,0.6004866706618,0.0,0.2793543772064562,1.1776348044279614,0.5786883308797832
ZrO2,0.6318809392367462,0.7915726912408105,0.9046243394346818,0.8323916522937124,0.7863058059224336,0.7341640155327207,0.6729918277145261,0.8025788686408779,0.6695962199707044,0.7873855533417012,0.6055647483861691,0.4387211853452718,0.6561398471617719,0.5520342778129905,0.726331393865445,0.5421280045787199,0.5043452016899876,0.9851483877650618,0.4752666019529791,0.4660525987684769,1.3701708697579393,1.5868661174646719,0.1568558017647753,1.3040737841341692,0.8013412119865877,0.5873363174599701,0.2793543772064562,0.0,1.3103210762048114,0.5123142215435245
Zr3O,1.0649752612812942,0.8425488180525074,0.9018498017404102,0.8499466612906322,0.8959029917400249,0.9389839366597678,1.1574126077996334,0.9784596583176585,1.1579951603359344,0.8808831298943977,1.620360327075971,1.37249333625,1.6533664456250001,1.27708505375,0.8087831362500001,1.4031816874818426,1.4934349860000002,0.6999020800661856,1.443537455625,1.22993801,0.17341101875,0.8869767554052164,1.3253861961562516,0.1555444275,1.4979120094764973,1.3779909157362424,1.1776348044279614,1.3103210762048116,0.0,1.4940856072018227
ZrO2,0.7846901732642093,0.9806397837691052,1.0381418009794192,1.0308371498784403,0.9710320803120236,0.9218066928012921,0.8193747351395859,0.9941961967247046,0.8136801451965319,0.9630259906457456,0.5115674505409774,0.4490974547893968,0.5146269587809303,0.5939967740600322,0.8822948848198117,0.625007217083261,0.5109143124347334,1.1105162517687566,0.4650789205154924,0.518771669512855,1.5049941838561625,1.663592176697411,0.48573518514264813,1.4969522806190088,0.8882747444505856,0.7278042593886239,0.5786883308797832,0.5123142215435244,1.494085607201823,0.0
